A D 10 612 
10000000
00000001
10001000 
00000110 
00000110 
00100000 
00000110 
00000011 
01000001 
00111001
01000000 
01011010 
11011001 
10000000 
00011000 
00111010 
00010000 
00010111
00000000 
00110000 
00000000 
00000111 
10001000 
10000000 
00000000 
00001000
00000001 
10100010 
10010000 
00001110 
00001000 
00001000 
01001000 
01000000
00111011 
00001011 
01110011 
10010011 
01001011 
10100011 
10011011 
10101000
00101000 
00001110 
00000101 
01000000 
00100000 
00001010 
11101000 
00001000
00000001 
10000000 
01110001 
00011100 
10010000 
01010100 
10011100 
10110010
00000011 
01000011 
10100000 
00000010 
00000011 
11111000