A D 10 612
10000000
00000001
10011000 
00000111
00000000 
00000000 
00000001 
10010000 
00011100
00001001
00111000
01000100 
00000000 
00000000 
01101000 
00100110 
00000101 
01000000
00001000 
00010010 
10000000 
01011111 
10110000 
00000111 
10001000 
10000100
00000000 
00001000 
00000000 
00000000 
00000000 
00000000 
00001000 
10011000
00000111 
10001000 
10000000 
00000000 
00000001 
00011000 
00101111 
10100000
00000000 
00000000 
00000000 
00000000 
10111111 
00000010 
11001111 
00000011
00100000 
00001000 
00001011 
01010011 
11100000 
11111010 
10000001 
10111100
00001111 
10101000 
11100000 
01100000 
01111000 
11100110