A D 10 493
10000000
00000001
10001100 
00000000 
11011101 
11001101 
11011100 
01011101 
11000000 
10000000
00000000 
01101101 
00011011 
01110010 
01101111 
00000110 
10010111 
01111110
01110000 
11011011 
01101100 
10001101 
11000101 
11110101 
10001000 
10110011
11110011 
01011101 
01111111 
11100100 
01000100 
10110100 
11111111 
11101001
00111111 
01010100 
00110000 
01100111 
00000010 
00011001 
11101010 
01010111
10100010 
01011010 
00110011 
10110100 
01111101 
10110101 
01101100 
10100101
01001011 
10110101